1 11
16 13
2 14
1 15
1 16
66 210
13 453
4 523
1 1740
67 1769
50 1770
55 1771
35 1772
40 1773
47 1774
45 1775
40 1776
36 1777
49 1778
37 1779
32 1780
38 1781
27 1782
26 1783
38 1784
25 1785
28 1786
37 1787
28 1788
23 1789
25 1790
35 1791
21 1792
19 1793
59 1794
18 1795
21 1796
30 1797
40 1798
73 1799
6549 1800
3241 1801
2910 1802
2714 1803
2508 1804
2204 1805
2449 1806
2217 1807
2508 1808
2215 1809
2382 1810
2404 1811
2389 1812
2125 1813
2463 1814
3744 1815
2761 1816
2883 1817
2955 1818
2965 1819
3741 1820
3877 1821
3753 1822
3744 1823
3948 1824
4415 1825
4314 1826
4720 1827
5353 1828
5133 1829
6545 1830
5654 1831
5445 1832
5532 1833
6323 1834
6885 1835
6997 1836
7050 1837
7175 1838
7479 1839
8848 1840
8467 1841
9019 1842
9741 1843
10450 1844
9788 1845
12186 1846
13872 1847
14457 1848
13510 1849
14991 1850
13558 1851
12874 1852
13503 1853
13329 1854
14607 1855
15330 1856
17644 1857
14975 1858
15716 1859
17773 1860
15435 1861
17507 1862
18160 1863
17045 1864
18149 1865
17507 1866
17659 1867
18945 1868
19298 1869
21705 1870
20298 1871
22294 1872
23199 1873
23189 1874
24795 1875
26738 1876
27592 1877
28346 1878
28976 1879
34913 1880
30644 1881
31858 1882
34385 1883
35737 1884
36072 1885
37390 1886
39007 1887
39269 1888
41786 1889
43451 1890
41993 1891
44609 1892
46584 1893
47904 1894
52340 1895
52365 1896
54887 1897
58429 1898
65986 1899
74786 1900
70915 1901
77636 1902
79429 1903
80707 1904
82759 1905
81978 1906
81153 1907
88537 1908
90605 1909
99101 1910
99416 1911
106361 1912
108492 1913
100655 1914
85444 1915
81079 1916
77975 1917
76014 1918
82001 1919
112858 1920
115129 1921
125054 1922
127186 1923
134688 1924
146529 1925
154536 1926
161493 1927
167038 1928
172788 1929
185807 1930
182286 1931
186934 1932
186253 1933
184107 1934
186349 1935
187747 1936
185527 1937
187936 1938
190949 1939
189692 1940
157855 1941
150323 1942
133952 1943
121625 1944
121932 1945
167520 1946
191945 1947
221513 1948
258068 1949
371387 1950
385760 1951
403596 1952
416983 1953
422013 1954
438412 1955
470301 1956
499229 1957
533610 1958
568618 1959
633423 1960
624723 1961
669869 1962
705418 1963
755914 1964
900496 1965
973956 1966
1049844 1967
1131271 1968
1240135 1969
1363835 1970
1283478 1971
1322084 1972
1358816 1973
1397843 1974
1461000 1975
1491816 1976
1555529 1977
1623611 1978
1674760 1979
1834961 1980
1826085 1981
1873115 1982
1961856 1983
2048292 1984
2139321 1985
2256708 1986
2403491 1987
2540950 1988
2722171 1989
2935919 1990
2991876 1991
3086426 1992
3227154 1993
3421776 1994
3623340 1995
3902080 1996
4114005 1997
4338282 1998
4577291 1999
5033911 2000
5318771 2001
5772794 2002
6205412 2003
6783504 2004
7851862 2005
8647056 2006
9242927 2007
10118506 2008
10985472 2009
11828264 2010
12018324 2011
12366099 2012
12850045 2013
12202280 2014
11455560 2015
8059550 2016
2653212 2017
2068 2018
4 2019
5 2020
9 2024
1 2098
1 2099
19 2203
9 2300
1 2656
1 8417
71 9737
1 22112
1 800190
